[Directed_graph]
50 51
1 1
2 2
3 3
4 4
5 5
6 6
7 7
8 8
9 9
10 10
11 11
12 12
13 13
14 14
15 15
16 16
17 17
18 18
19 19
20 20
21 21
22 22
23 23
24 24
25 25
26 26
27 27
28 28
29 29
30 30
31 31
32 32
33 33
34 34
35 35
36 36
37 37
38 38
39 39
40 40
41 41
42 42
43 43
44 44
45 45
46 46
47 47
48 48
49 49
50 50
6 3
14 47
6 17
41 1
12 17
2 13
50 19
44 5
19 12
16 12
28 29
29 5
25 46
49 9
46 31
33 50
48 4
20 47
49 3
22 13
25 12
33 23
30 26
37 26
39 48
26 2
9 18
13 6
14 33
13 13
14 12
17 48
46 11
16 38
50 46
8 37
11 26
1 40
17 40
40 40
43 5
22 17
25 1
34 36
49 38
1 48
47 12
25 17
7 42
38 40
28 8